#DataThief \\file\Usersi$\ids29\Home\Desktop\S2023 Fig (1) - bottom panel.png Monday 20-Nov-2023 6:51:33 PM
-11.9828, 11194.5927
-11.9714, 11085.3312
-11.96, 11085.3756
-11.9485, 11085.42
-11.9428, 11085.4422
-11.9314, 11085.4866
-11.9199, 11085.531
-11.9085, 11085.5754
-11.9028, 11085.5976
-11.8914, 11085.6421
-11.8799, 11085.6865
-11.8685, 11085.7309
-11.8628, 11085.753
-11.8513, 11085.7974
-11.8399, 11085.8418
-11.8285, 11085.8864
-11.8228, 11085.9085
-11.8113, 11085.9529
-11.7999, 11085.9973
-11.7885, 11086.0418
-11.7827, 10977.8178
-11.7713, 10977.8618
-11.7599, 10977.9058
-11.7484, 10977.9497
-11.7427, 10977.9717
-11.7313, 10978.0157
-11.7199, 10978.0597
-11.7084, 10978.1037
-11.7027, 10978.1257
-11.6913, 10978.1697
-11.6799, 10978.2137
-11.6684, 10978.2576
-11.6627, 10978.2796
-11.6513, 10978.3235
-11.6398, 10978.3676
-11.6284, 10978.4116
-11.6227, 10978.4336
-11.6113, 10978.4776
-11.5998, 10978.5215
-11.5884, 10978.5655
-11.5827, 10978.5875
-11.5712, 10978.6315
-11.5598, 10978.6755
-11.5484, 10978.7195
-11.5427, 10978.7415
-11.5312, 10978.7854
-11.5198, 10978.8295
-11.5084, 10978.8735
-11.5026, 10978.8954
-11.4912, 10978.9394
-11.4798, 10978.9834
-11.4683, 10979.0274
-11.4626, 10979.0493
-11.4512, 10979.0934
-11.4398, 10979.1374
-11.4283, 10979.1814
-11.4226, 10979.2034
-11.4112, 10979.2474
-11.3997, 10979.2913
-11.3883, 10979.3353
-11.3826, 10979.3573
-11.3712, 10979.4013
-11.3597, 10979.4453
-11.3483, 10979.4893
-11.3426, 10979.5112
-11.3311, 10979.5553
-11.3197, 10979.5993
-11.3083, 10979.6433
-11.3026, 10979.6653
-11.2911, 10979.7093
-11.2797, 10979.7532
-11.2683, 10979.7972
-11.2625, 10979.8192
-11.2511, 10872.654
-11.2397, 10872.6975
-11.2282, 10872.741
-11.2225, 10872.7629
-11.2111, 10872.8064
-11.1997, 10872.85
-11.1882, 10872.8936
-11.1825, 10872.9153
-11.1711, 10872.9588
-11.1596, 10873.0025
-11.1482, 10873.046
-11.1425, 10873.0678
-11.1311, 10873.1114
-11.1196, 10873.1549
-11.1082, 10767.0307
-11.1025, 10767.0523
-11.091, 10767.0954
-11.0796, 10767.1386
-11.0682, 10767.1817
-11.0625, 10767.2033
-11.051, 10767.2464
-11.0396, 10767.2896
-11.0282, 10767.3327
-11.0224, 10767.3543
-11.011, 10767.3974
-10.9996, 10767.4405
-10.9881, 10767.4837
-10.9824, 10767.5053
-10.971, 10767.5484
-10.9596, 10767.5916
-10.9481, 10767.6347
-10.9424, 10767.6562
-10.931, 10767.6994
-10.9195, 10767.7426
-10.9081, 10767.7856
-10.9024, 10767.8073
-10.891, 10662.7113
-10.8795, 10662.754
-10.8681, 10662.7967
-10.8624, 10662.8181
-10.8509, 10662.8608
-10.8395, 10662.9035
-10.8281, 10662.9462
-10.8224, 10662.9676
-10.8109, 10663.0103
-10.7995, 10558.9372
-10.7881, 10558.9795
-10.7824, 10455.9008
-10.7709, 10455.9426
-10.7595, 10455.9845
-10.7481, 10456.0264
-10.7423, 10456.0474
-10.7309, 10456.0893
-10.7195, 10354.0357
-10.708, 10354.0772
-10.7023, 10354.0979
-10.6909, 10354.1394
-10.6795, 10354.1809
-10.668, 10354.2224
-10.6623, 10354.2431
-10.6509, 10253.1836
-10.6394, 10253.2247
-10.628, 10253.2658
-10.6223, 10253.2863
-10.6109, 10253.3274
-10.5994, 10253.3685
-10.588, 10153.2934
-10.5823, 10153.3139
-10.5708, 10153.3545
-10.5594, 10153.3952
-10.548, 10153.4359
-10.5423, 10153.4562
-10.5308, 10054.3564
-10.5194, 10054.3967
-10.508, 10054.437
-10.5022, 10054.4571
-10.4908, 10054.4974
-10.4794, 10054.5377
-10.4679, 9956.4034
-10.4622, 9956.4233
-10.4508, 9956.4632
-10.4394, 9956.503
-10.4279, 9859.3256
-10.4222, 9859.3454
-10.4108, 9859.3849
-10.3993, 9859.4243
-10.3879, 9859.4639
-10.3822, 9763.2139
-10.3708, 9763.253
-10.3593, 9763.2922
-10.3479, 9763.3313
-10.3422, 9763.3509
-10.3308, 9668.0586
-10.3193, 9668.0973
-10.3079, 9668.136
-10.3022, 9668.1554
-10.2907, 9573.7922
-10.2793, 9573.8306
-10.2679, 9573.869
-10.2622, 9573.8881
-10.2507, 9480.445
-10.2393, 9480.483
-10.2279, 9480.521
-10.2221, 9480.54
-10.2107, 9388.008
-10.1993, 9388.0456
-10.1878, 9388.0832
-10.1821, 9388.102
-10.1707, 9296.4722
-10.1593, 9296.5095
-10.1478, 9296.5467
-10.1421, 9205.7921
-10.1307, 9205.829
-10.1192, 9205.8659
-10.1078, 9116.0148
-10.1021, 9116.033
-10.0907, 9116.0695
-10.0792, 9116.1061
-10.0678, 9027.131
-10.0621, 9027.1491
-10.0507, 9027.1853
-10.0392, 9027.2214
-10.0278, 8939.1139
-10.0221, 8939.1318
-10.0106, 8939.1676
-9.9992, 8851.9195
-9.9878, 8851.955
-9.9821, 8851.9727
-9.9706, 8765.5756
-9.9592, 8765.6108
-9.9478, 8680.0567
-9.942, 8680.0741
-9.9306, 8680.1088
-9.9192, 8595.3892
-9.9077, 8595.4236
-9.902, 8595.4409
-9.8906, 8511.5476
-9.8792, 8511.5817
-9.8677, 8428.5069
-9.862, 8428.5238
-9.8506, 8428.5575
-9.8392, 8346.2932
-9.8277, 8346.3266
-9.822, 8346.3433
-9.8106, 8264.8813
-9.7991, 8264.9144
-9.7877, 8184.2472
-9.782, 8184.2636
-9.7706, 8184.2964
-9.7591, 8104.416
-9.7477, 8104.4484
-9.742, 8025.3313
-9.7305, 8025.3634
-9.7191, 7947.0343
-9.7077, 7947.0661
-9.702, 7947.082
-9.6905, 7869.5169
-9.6791, 7869.5484
-9.6677, 7792.74
-9.662, 7792.7556
-9.6505, 7716.6968
-9.6391, 7716.7277
-9.6277, 7641.4108
-9.6219, 7641.4262
-9.6105, 7641.4567
-9.5991, 7566.8746
-9.5876, 7566.9049
-9.5819, 7493.0354
-9.5705, 7493.0654
-9.5591, 7419.9315
-9.5476, 7347.5114
-9.5419, 7347.5262
-9.5305, 7347.5556
-9.5191, 7275.842
-9.5076, 7204.8283
-9.5019, 7204.8428
-9.4905, 7134.522
-9.479, 7134.5506
-9.4676, 7064.9159
-9.4619, 7064.9301
-9.4505, 6995.9748
-9.439, 6996.003
-9.4276, 6927.7206
-9.4219, 6927.7344
-9.4104, 6860.1183
-9.399, 6860.1458
-9.3876, 6793.1894
-9.3819, 6793.203
-9.3704, 6726.9
-9.359, 6661.2441
-9.3476, 6661.2708
-9.3418, 6596.2422
-9.3304, 6596.2686
-9.319, 6531.8877
-9.3075, 6468.1351
-9.3018, 6468.1481
-9.2904, 6405.0176
-9.279, 6342.5034
-9.2676, 6280.5992
-9.2618, 6280.6118
-9.2504, 6219.3118
-9.2389, 6219.3367
-9.2275, 6158.6347
-9.2218, 6158.647
-9.2104, 6098.5373
-9.199, 6039.0144
-9.1875, 5980.0724
-9.1818, 5980.0844
-9.1703, 5921.7176
-9.1589, 5921.7412
-9.1475, 5863.9439
-9.1418, 5806.6989
-9.1304, 5750.0244
-9.1189, 5693.903
-9.1075, 5693.9258
-9.1018, 5638.3406
-9.0904, 5583.3093
-9.0789, 5528.815
-9.0675, 5474.8527
-9.0618, 5474.8637
-9.0504, 5421.4279
-9.0389, 5368.5135
-9.0275, 5316.1158
-9.0218, 5316.1265
-9.0103, 5264.24
-8.9989, 5212.8599
-8.9875, 5161.9814
-8.9818, 5161.9917
-8.9703, 5111.6096
-8.9588, 5061.7193
-8.9475, 5012.3159
-8.9418, 4963.3847
-8.9303, 4914.9411
-8.9189, 4866.9702
-8.9075, 4819.4676
-8.9017, 4819.4773
-8.8902, 4772.4382
-8.8789, 4679.7141
-8.8675, 4634.0392
-8.8617, 4634.0485
-8.8502, 4544.0132
-8.8389, 4499.6627
-8.8274, 4455.745
-8.8216, 4455.754
-8.8103, 4369.1828
-8.7989, 4369.2003
-8.7873, 4326.5561
-8.7816, 4284.3194
-8.7703, 4242.5036
-8.7589, 4160.0757
-8.7473, 4119.4725
-8.7417, 4119.4807
-8.7303, 4039.443
-8.7189, 4000.0172
-8.7074, 3960.9763
-8.7017, 3922.3085
-8.6903, 3884.0259
-8.6787, 3846.1171
-8.6674, 3808.5782
-8.6617, 3771.3981
-8.6503, 3734.5885
-8.6388, 3698.1381
-8.6274, 3626.2868
-8.6217, 3626.294
-8.6103, 3555.8385
-8.5988, 3521.1328
-8.5874, 3486.7658
-8.5817, 3452.7273
-8.5703, 3419.028
-8.5588, 3352.5995
-8.5474, 3319.8774
-8.5417, 3287.4682
-8.5302, 3255.3818
-8.5188, 3223.6086
-8.5074, 3160.9769
-8.5017, 3160.9832
-8.4902, 3099.5682
-8.4788, 3069.3158
-8.4674, 3009.6819
-8.4617, 3009.6879
-8.4502, 2951.2124
-8.4388, 2922.408
-8.4274, 2865.6282
-8.4217, 2865.6341
-8.4102, 2809.9574
-8.3988, 2782.5316
-8.3874, 2728.4697
-8.3817, 2701.8338
-8.3702, 2675.4634
-8.3588, 2623.4816
-8.3474, 2597.8759
-8.3416, 2572.5149
-8.3302, 2547.4067
-8.3188, 2497.9129
-8.3074, 2473.5328
-8.3016, 2449.3857
-8.2902, 2425.4792
-8.2788, 2378.3544
-8.2673, 2355.1412
-8.2616, 2332.1498
-8.2502, 2286.8383
-8.2388, 2264.5183
-8.2273, 2220.5208
-8.2216, 2220.5253
-8.2102, 2177.3825
-8.1988, 2156.1308
-8.1873, 2114.2392
-8.1816, 2093.5996
-8.1702, 2073.1656
-8.1588, 2032.8859
-8.1473, 2013.0446
-8.1416, 1993.3928
-8.1302, 1973.9369
-8.1188, 1935.5852
-8.1073, 1916.6935
-8.1016, 1897.9823
-8.0902, 1861.1063
-8.0787, 1842.9415
-8.0673, 1807.1349
-8.0616, 1807.1385
-8.0502, 1772.0275
-8.0387, 1754.7321
-8.0273, 1720.6393
-8.0216, 1720.6427
-8.0102, 1687.2122
-7.9987, 1670.7447
-7.9872, 1638.2837
-7.9816, 1638.287
-7.9702, 1606.4566
-7.9586, 1590.7772
-7.9473, 1559.8699
-7.9416, 1559.873
-7.9302, 1529.5661
-7.9186, 1514.6373
-7.9073, 1485.2093
-7.9016, 1485.2122
-7.8901, 1456.3559
-7.8787, 1442.1416
-7.8673, 1414.1221
-7.8616, 1414.125
-7.85, 1386.6498
-7.8387, 1373.1158
-7.8273, 1346.4375
-7.8216, 1346.4402
-7.8101, 1320.2801
-7.7987, 1307.3939
-7.7873, 1294.6334
-7.7816, 1281.995
-7.7701, 1269.4825
-7.7587, 1244.8176
-7.7473, 1232.6679
-7.7416, 1220.6343
-7.7301, 1208.7207
-7.7187, 1185.2364
-7.7073, 1173.6683
-7.7015, 1162.2107
-7.6901, 1150.8673
-7.6787, 1139.6346
-7.6673, 1117.4925
-7.6615, 1117.4948
-7.6501, 1095.7829
-7.6387, 1085.0878
-7.6272, 1074.4971
-7.6215, 1064.0077
-7.6101, 1053.6228
-7.5987, 1033.1519
-7.5872, 1023.0681
-7.5815, 1013.0807
-7.5701, 1003.1928
-7.5587, 993.4015
-7.5472, 974.1006
-7.5415, 974.1025
-7.5301, 955.1766
-7.5187, 945.8538
-7.5072, 936.6221
-7.5015, 927.4787
-7.4901, 918.4263
-7.4787, 900.5822
-7.4672, 891.7923
-7.4615, 883.0864
-7.4501, 874.4673
-7.4386, 865.9324
-7.4272, 849.1081
-7.4215, 849.1098
-7.4101, 840.8223
-7.3986, 824.4859
-7.3872, 816.4388
-7.3815, 808.4685
-7.37, 800.5777
-7.3586, 785.0232
-7.3472, 777.3613
-7.3415, 769.7725
-7.3301, 762.2594
-7.3186, 747.4494
-7.3072, 740.1541
-7.3014, 732.9285
-7.29, 725.7751
-7.2786, 711.6739
-7.2671, 704.7278
-7.2615, 697.8481
-7.25, 691.037
-7.2386, 677.6108
-7.2272, 670.9971
-7.2215, 664.4468
-7.21, 657.9617
-7.1985, 645.1781
-7.1872, 638.881
-7.1815, 632.6441
-7.17, 626.4694
-7.1586, 614.2977
-7.1472, 608.302
-7.1415, 602.3636
-7.13, 590.6602
-7.1186, 584.8953
-7.1072, 573.5312
-7.1015, 567.9324
-7.09, 562.3893
-7.0786, 551.4626
-7.0672, 540.7482
-7.0614, 540.7492
-7.05, 530.2429
-7.0386, 525.0677
-7.0272, 514.866
-7.0214, 509.8399
-7.01, 504.8638
-6.9986, 495.0547
-6.9872, 485.4363
-6.9814, 485.4373
-6.97, 476.0057
-6.9586, 466.7572
-6.9471, 462.2017
-6.9414, 457.6896
-6.93, 448.7971
-6.9186, 440.0774
-6.9071, 431.5271
-6.9014, 427.3144
-6.89, 423.1437
-6.8786, 414.9224
-6.8671, 406.8609
-6.8614, 402.889
-6.85, 395.0613
-6.8386, 387.3856
-6.8271, 383.6046
-6.8214, 379.8598
-6.81, 372.4795
-6.7986, 365.2426
-6.7871, 358.1461
-6.7814, 354.65
-6.77, 351.1885
-6.7586, 344.3652
-6.7471, 337.6745
-6.7414, 334.378
-6.73, 327.8814
-6.7186, 321.511
-6.7071, 309.1378
-6.7014, 306.1199
-6.69, 300.1723
-6.6785, 294.3402
-6.6671, 288.6215
-6.6614, 283.0133
-6.65, 277.5146
-6.6385, 272.1227
-6.6271, 269.4668
-6.6214, 266.8362
-6.6099, 256.5671
-6.5986, 251.5823
-6.5871, 249.1268
-6.5814, 244.286
-6.5699, 239.5396
-6.5586, 232.5922
-6.5471, 228.0732
-6.5413, 225.8467
-6.53, 221.4586
-6.5186, 219.2972
-6.507, 210.8577
-6.5013, 208.7992
-6.49, 204.7425
-6.4786, 198.8042
-6.4671, 194.9416
-6.4614, 193.0386
-6.45, 187.4398
-6.4386, 183.798
-6.4271, 180.227
-6.4214, 178.4675
-6.41, 173.2913
-6.3986, 169.9245
-6.3871, 164.9961
-6.3814, 163.3853
-6.37, 160.2109
-6.3586, 155.5642
-6.3471, 152.5417
-6.3414, 151.0526
-6.33, 148.1178
-6.3186, 143.8218
-6.3071, 141.0275
-6.3014, 139.6508
-6.29, 135.6004
-6.2786, 131.6675
-6.2671, 127.8487
-6.2614, 125.3645
-6.25, 122.9287
-6.2386, 118.1979
-6.2271, 115.9014
-6.2214, 114.77
-6.21, 111.4412
-6.1985, 108.2091
-6.1871, 105.0706
-6.1814, 104.0449
-6.17, 101.0272
-6.1586, 97.1392
-6.1471, 95.2519
-6.1414, 93.4011
-6.13, 89.8066
-6.1186, 88.0617
-6.1072, 85.5076
-6.1014, 83.846
-6.09, 81.4143
-6.0786, 79.8325
-6.0672, 77.5171
-6.0614, 76.7603
-6.05, 75.2689
-6.0386, 73.8065
-6.0272, 72.3725
-6.0214, 71.666
-6.01, 70.2736
-5.9986, 69.5877
-5.987, 68.2357
-5.9814, 67.5695
-5.97, 66.2568
-5.9586, 63.7069
-5.9472, 62.4691
-5.9414, 61.8593
-5.93, 60.6574
-5.9186, 59.4788
-5.9071, 58.8984
-5.9014, 58.3234
-5.89, 56.6318
-5.8786, 56.0791
-5.8671, 54.9895
-5.8614, 54.4527
-5.85, 53.3947
-5.8386, 52.8736
-5.8271, 51.8463
-5.8214, 51.8464
-5.81, 50.8391
-5.7986, 50.3429
-5.7871, 49.8515
-5.7814, 49.3649
-5.77, 48.4058
-5.7586, 47.9333
-5.7471, 47.4655
-5.7414, 47.0021
-5.73, 46.5434
-5.7186, 45.6391
-5.7071, 45.1936
-5.7014, 44.7524
-5.69, 44.3155
-5.6785, 43.4546
-5.6671, 43.0305
-5.6614, 42.6104
-5.65, 42.1945
-5.6385, 41.7827
-5.6328, 41.3748
-5.6214, 40.971
-5.6099, 40.5711
-5.5985, 40.1751
-5.5928, 40.1752
-5.5814, 39.7831
-5.5699, 39.3948
-5.5585, 39.0103
-5.5528, 38.6295
-5.5413, 38.2524
-5.5299, 37.8791
-5.5185, 37.5093
-5.5128, 37.5095
-5.5013, 37.1434
-5.4899, 36.7808
-5.4785, 36.4218
-5.4727, 36.0663
-5.4614, 35.7143
-5.4499, 35.3657
-5.4385, 35.0205
-5.4328, 34.6785
-5.4213, 34.3402
-5.4099, 34.3403
-5.3985, 34.0051
-5.3928, 34.0052
-5.3813, 33.6733
-5.3699, 33.6734
-5.3585, 33.3448
-5.3528, 33.3448
-5.3413, 33.345
-5.3299, 33.0195
-5.3185, 33.0197
-5.3127, 33.0197
-5.3013, 32.6974
-5.2899, 32.6976
-5.2784, 32.3784
-5.2727, 32.3785
-5.2612, 32.0625
-5.2499, 32.0626
-5.2384, 32.0627
-5.2327, 31.7497
-5.2213, 31.7499
-5.2098, 31.44
-5.1984, 31.4401
-5.1927, 31.4402
-5.1813, 31.1333
-5.1698, 31.1334
-5.1584, 31.1336
-5.1527, 30.8296
-5.1413, 30.8296
-5.1298, 30.8298
-5.1184, 30.529
-5.1127, 30.529
-5.1012, 30.2311
-5.0955, 30.2311
